 0.993482  0.503589  0.334737  0.250068  0.199216  0.165050  0.141690  0.124661  0.110327  0.099332 
 0.504885  0.332971  0.248095  0.198019  0.165030  0.142508  0.125079  0.111269  0.100204  0.091104 
 0.331108  0.250815  0.199803  0.166174  0.141592  0.125269  0.111741  0.100605  0.090945  0.083003 
 0.251880  0.200907  0.168186  0.144073  0.125098  0.110316  0.099924  0.090428  0.083937  0.076476 
 0.201119  0.167812  0.144277  0.126249  0.111359  0.099785  0.090484  0.082995  0.077446  0.070748 
 0.166253  0.141693  0.125443  0.110125  0.099018  0.091671  0.082960  0.076574  0.071554  0.066922 
 0.143822  0.125566  0.111078  0.099411  0.091352  0.083281  0.076858  0.072070  0.066993  0.062010 
 0.125248  0.110856  0.100470  0.091107  0.083454  0.076710  0.070931  0.066300  0.062406  0.059180 
 0.111149  0.100980  0.091366  0.083076  0.076414  0.071653  0.066656  0.061954  0.059059  0.055561 
 0.099295  0.091727  0.082736  0.077546  0.071704  0.066404  0.062408  0.058318  0.056074  0.052824 
