 1.998065  0.000000 -2.003913  0.000000  1.007096  2.013152  2.004991  0.000000 -3.003945 -0.997503 
 2.981056 -4.019033  0.000000  1.008102  0.000000 -2.981336  4.008378  4.015881  0.000000 -0.997026 
 0.000000 -0.991608  3.014445 -1.002241  0.000000 -2.007645  4.024362 -1.985965  2.003041  0.000000 
-3.024693  2.004588  3.013661 -0.990864  0.000000  3.028592 -3.985201  4.005536  0.000000 -3.973914 
 0.000000 -3.022143  3.021073  1.004886  0.993098 -2.989615  2.974761 -2.974596 -3.008459  2.012800 
-1.000902  3.995860 -1.996359 -0.995975 -2.997934  2.000048  2.979159  1.992922  1.004760  1.992555 
-2.013067 -3.027544 -4.029868 -4.018002  2.988003  3.026640 -1.985089 -2.973944  0.000000 -4.001967 
-3.006578  0.000000  1.982891  1.007513  0.000000 -3.985770  0.000000 -2.000202  0.994542 -1.991612 
 0.000000 -2.002047  0.000000  0.000000  0.999851 -2.992748  0.000000  4.023469  1.000185  3.990589 
-3.011290 -1.000643 -3.006377  3.991615  0.000000  4.016630 -3.968050  1.002461 -4.029060  0.000000 
